# Obj file Generated by Strata 3D CX(TM): http://www.strata.com
mtllib 1.mtl
v -43.498310 -19.058960 76.210564
v -39.059612 -22.551079 76.772713
v -48.970665 -19.710445 74.853416
v -38.254700 -28.141163 76.210564
v -52.271042 -24.123899 73.496269
v -41.555077 -32.554615 74.853416
v -51.466133 -29.713984 72.934120
v -47.027431 -33.206100 73.496269
v -57.449421 -27.113636 136.331482
v -62.921776 -27.765121 134.974335
v -53.010719 -30.605753 136.893631
v -52.205807 -36.195835 136.331482
v -55.506187 -40.609291 134.974335
v -60.978542 -41.260777 133.617188
v -65.417236 -37.768661 133.055038
v -66.222153 -32.178574 133.617188

vt 0.643848 0.145599
vt 0.583333 0.157793
vt 0.701762 0.111180
vt 0.522818 0.145599
vt 0.750860 0.060419
vt 0.464904 0.111180
vt 0.583333 0.008874
vt 0.415807 0.060419
vt 0.915807 0.939581
vt 0.964904 0.888820
vt 0.083333 0.991126
vt 0.250860 0.939581
vt 0.201762 0.888820
vt 0.143849 0.854401
vt 0.083333 0.842207
vt 0.022818 0.854401

vn 0.224144 0.129410 -0.965926
vn 0.106458 0.981962 0.156262
vn 0.224144 0.129410 -0.965926
vn 0.760268 0.596874 0.256387
vn 0.224144 0.129410 -0.965926
vn -0.609715 0.791830 -0.035400
vn 0.224144 0.129410 -0.965926
vn 0.945060 -0.270866 0.183013
vn 0.224144 0.129409 -0.965926
vn -0.945060 0.270866 -0.183013
vn 0.224144 0.129410 -0.965926
vn 0.380888 -0.923943 -0.035400
vn 0.224144 0.129410 -0.965926
vn -0.897042 -0.359974 -0.256387
vn 0.224144 0.129410 -0.965926
vn -0.364976 -0.907867 -0.206324
vn 0.364976 0.907867 0.206324
vn -0.224140 -0.129410 0.965927
vn -0.380888 0.923943 0.035400
vn -0.224142 -0.129410 0.965926
vn 0.897042 0.359975 0.256387
vn -0.224140 -0.129410 0.965927
vn 0.945060 -0.270866 0.183013
vn -0.224143 -0.129410 0.965926
vn 0.609715 -0.791830 0.035400
vn -0.224142 -0.129410 0.965926
vn -0.106457 -0.981962 -0.156261
vn -0.224141 -0.129410 0.965926
vn -0.760268 -0.596874 -0.256387
vn -0.224141 -0.129410 0.965926
vn -0.945060 0.270866 -0.183013
vn -0.224144 -0.129410 0.965926

usemtl Image Texture-2
f 1/1/1 2/2/3 3/3/5
f 4/4/7 5/5/9 2/2/3
f 5/5/9 3/3/5 2/2/3
f 6/6/11 7/7/13 4/4/7
f 7/7/13 5/5/9 4/4/7
f 8/8/15 7/7/13 6/6/11
f 9/9/17 1/1/2 10/10/19
f 3/3/6 10/10/19 1/1/2
f 11/11/21 2/2/4 9/9/17
f 1/1/2 9/9/17 2/2/4
f 11/11/21 4/4/8 2/2/4
f 12/12/23 4/4/8 11/11/21
f 12/12/23 13/13/25 4/4/8
f 6/6/12 4/4/8 13/13/25
f 13/13/25 14/14/27 6/6/12
f 8/8/16 6/6/12 14/14/27
f 14/14/27 15/15/29 8/8/16
f 7/7/14 8/8/16 15/15/29
f 15/15/29 16/16/31 7/7/14
f 16/16/31 5/5/10 7/7/14
f 10/10/19 3/3/6 16/16/31
f 5/5/10 16/16/31 3/3/6
f 15/15/30 13/13/26 16/16/32
f 13/13/26 12/12/24 16/16/32
f 14/14/28 13/13/26 15/15/30
f 9/9/18 10/10/20 11/11/22
f 16/16/32 12/12/24 10/10/20
f 12/12/24 11/11/22 10/10/20
v -37.792007 -39.864510 131.684937
v -48.161041 -53.377697 131.684937
v -40.015263 -22.977232 131.684937
v -53.528450 -12.608198 131.684937
v -65.048325 -55.600952 131.684937
v -70.415726 -14.831450 131.684937
v -78.561508 -45.231918 131.684937
v -80.784760 -28.344637 131.684937
v -37.792007 -39.864510 144.174255
v -40.015263 -22.977232 144.174255
v -48.161041 -53.377697 144.174255
v -65.048325 -55.600952 144.174255
v -53.528450 -12.608198 144.174255
v -78.561508 -45.231918 144.174255
v -70.415726 -14.831450 144.174255
v -80.784760 -28.344637 144.174255

vt 0.458333 0.412922
vt 0.333333 0.412922
vt 0.583333 0.412922
vt 0.708333 0.412922
vt 0.208333 0.412922
vt 0.833333 0.412922
vt 0.083333 0.412922
vt 0.958333 0.412922
vt 0.458333 0.587078
vt 0.583333 0.587078
vt 0.333333 0.587078
vt 0.208333 0.587078
vt 0.708333 0.587078
vt 0.083333 0.587078
vt 0.833333 0.587078
vt 0.958333 0.587078

vn 0.000001 0.000000 -1.000000
vn 0.992248 -0.124273 0.000000
vn 0.000000 0.000000 -1.000000
vn 0.613751 -0.789500 0.000000
vn 0.000000 0.000000 -1.000000
vn 0.789500 0.613751 0.000000
vn 0.000000 0.000000 -1.000000
vn 0.124274 0.992248 0.000000
vn 0.000000 0.000000 -1.000000
vn -0.124274 -0.992248 0.000000
vn -0.000000 0.000000 -1.000000
vn -0.613751 0.789500 0.000000
vn -0.000001 0.000000 -1.000000
vn -0.789500 -0.613751 0.000000
vn -0.000001 0.000000 -1.000000
vn -0.992248 0.124274 0.000000
vn -0.000001 0.000000 1.000000
vn 0.921449 -0.388500 0.000000
vn -0.000000 0.000000 1.000000
vn 0.926274 0.376852 0.000000
vn -0.000001 0.000000 1.000000
vn 0.376852 -0.926274 0.000000
vn -0.000000 0.000000 1.000000
vn -0.388500 -0.921449 0.000000
vn -0.000000 0.000000 1.000000
vn 0.388500 0.921449 0.000000
vn 0.000000 0.000000 1.000000
vn -0.926274 -0.376852 0.000000
vn 0.000001 0.000000 1.000000
vn -0.376852 0.926274 0.000000
vn 0.000001 0.000000 1.000000
vn -0.921449 0.388500 0.000000

usemtl Image Texture-2
f 17/17/33 18/18/35 19/19/37
f 20/20/39 19/19/37 18/18/35
f 21/21/41 20/20/39 18/18/35
f 22/22/43 20/20/39 21/21/41
f 23/23/45 22/22/43 21/21/41
f 24/24/47 22/22/43 23/23/45
f 25/25/49 26/26/51 27/27/53
f 28/28/55 27/27/53 26/26/51
f 29/29/57 28/28/55 26/26/51
f 30/30/59 28/28/55 29/29/57
f 31/31/61 30/30/59 29/29/57
f 32/32/63 30/30/59 31/31/61
f 29/29/58 20/20/40 31/31/62
f 22/22/44 31/31/62 20/20/40
f 26/26/52 19/19/38 29/29/58
f 20/20/40 29/29/58 19/19/38
f 25/25/50 17/17/34 26/26/52
f 19/19/38 26/26/52 17/17/34
f 27/27/54 18/18/36 25/25/50
f 17/17/34 25/25/50 18/18/36
f 28/28/56 21/21/42 27/27/54
f 18/18/36 27/27/54 21/21/42
f 30/30/60 23/23/46 28/28/56
f 21/21/42 28/28/56 23/23/46
f 32/32/64 24/24/48 30/30/60
f 23/23/46 30/30/60 24/24/48
f 31/31/62 22/22/44 32/32/64
f 24/24/48 32/32/64 22/22/44
v 43.498310 -19.058960 76.210564
v 48.970665 -19.710445 74.853416
v 39.059612 -22.551079 76.772713
v 38.254700 -28.141163 76.210564
v 52.271042 -24.123899 73.496269
v 41.555077 -32.554615 74.853416
v 51.466133 -29.713984 72.934120
v 47.027431 -33.206100 73.496269
v 52.205807 -36.195835 136.331482
v 55.506187 -40.609291 134.974335
v 53.010719 -30.605753 136.893631
v 57.449421 -27.113636 136.331482
v 62.921776 -27.765121 134.974335
v 66.222153 -32.178574 133.617188
v 65.417236 -37.768661 133.055038
v 60.978542 -41.260777 133.617188

vt 0.856151 0.145599
vt 0.798238 0.111180
vt 0.916667 0.157793
vt 0.977182 0.145599
vt 0.749140 0.060419
vt 0.035096 0.111180
vt 0.916667 0.008874
vt 0.084193 0.060419
vt 0.249140 0.939581
vt 0.298238 0.888820
vt 0.416667 0.991126
vt 0.584193 0.939581
vt 0.535096 0.888820
vt 0.477182 0.854401
vt 0.416667 0.842207
vt 0.356151 0.854401

vn -0.224144 0.129410 -0.965926
vn -0.106458 0.981962 0.156262
vn -0.224144 0.129410 -0.965926
vn 0.609715 0.791830 -0.035400
vn -0.224144 0.129410 -0.965926
vn -0.760268 0.596874 0.256387
vn -0.224144 0.129410 -0.965926
vn -0.945060 -0.270866 0.183013
vn -0.224144 0.129410 -0.965926
vn 0.945060 0.270866 -0.183013
vn -0.224144 0.129410 -0.965926
vn -0.380888 -0.923943 -0.035400
vn -0.224144 0.129410 -0.965926
vn 0.897042 -0.359974 -0.256387
vn -0.224144 0.129410 -0.965926
vn 0.364976 -0.907867 -0.206324
vn -0.945060 -0.270866 0.183013
vn 0.224143 -0.129410 0.965926
vn -0.609715 -0.791830 0.035400
vn 0.224142 -0.129410 0.965926
vn -0.897042 0.359975 0.256387
vn 0.224143 -0.129410 0.965926
vn -0.364976 0.907867 0.206324
vn 0.224140 -0.129410 0.965927
vn 0.380888 0.923943 0.035400
vn 0.224142 -0.129410 0.965926
vn 0.945060 0.270866 -0.183013
vn 0.224143 -0.129410 0.965926
vn 0.760268 -0.596874 -0.256387
vn 0.224142 -0.129410 0.965926
vn 0.106457 -0.981962 -0.156261
vn 0.224141 -0.129410 0.965926

usemtl Image Texture-2
f 33/33/65 34/34/67 35/35/69
f 36/36/71 35/35/69 34/34/67
f 37/37/73 36/36/71 34/34/67
f 38/38/75 36/36/71 37/37/73
f 39/39/77 38/38/75 37/37/73
f 40/40/79 38/38/75 39/39/77
f 41/41/81 36/36/72 42/42/83
f 38/38/76 42/42/83 36/36/72
f 41/41/81 43/43/85 36/36/72
f 43/43/85 35/35/70 36/36/72
f 43/43/85 44/44/87 35/35/70
f 33/33/66 35/35/70 44/44/87
f 44/44/87 45/45/89 33/33/66
f 34/34/68 33/33/66 45/45/89
f 45/45/89 46/46/91 34/34/68
f 37/37/74 34/34/68 46/46/91
f 46/46/91 39/39/78 37/37/74
f 47/47/93 39/39/78 46/46/91
f 48/48/95 40/40/80 47/47/93
f 39/39/78 47/47/93 40/40/80
f 42/42/83 38/38/76 48/48/95
f 40/40/80 48/48/95 38/38/76
f 44/44/88 43/43/86 45/45/90
f 46/46/92 45/45/90 43/43/86
f 41/41/82 46/46/92 43/43/86
f 47/47/94 46/46/92 41/41/82
f 42/42/84 47/47/94 41/41/82
f 48/48/96 47/47/94 42/42/84
v 53.419685 -12.796584 131.684937
v 70.306961 -15.019837 131.684937
v 39.906498 -23.165617 131.684937
v 37.683243 -40.052898 131.684937
v 80.675995 -28.533024 131.684937
v 48.052277 -53.566082 131.684937
v 78.452744 -45.420303 131.684937
v 64.939560 -55.789337 131.684937
v 80.675995 -28.533024 144.174255
v 70.306961 -15.019837 144.174255
v 78.452744 -45.420303 144.174255
v 64.939560 -55.789337 144.174255
v 53.419685 -12.796584 144.174255
v 39.906498 -23.165617 144.174255
v 48.052277 -53.566082 144.174255
v 37.683243 -40.052898 144.174255

vt 0.791667 0.412922
vt 0.666667 0.412922
vt 0.916667 0.412922
vt 0.041667 0.412922
vt 0.541667 0.412922
vt 0.166667 0.412922
vt 0.416667 0.412922
vt 0.291667 0.412922
vt 0.541667 0.587078
vt 0.666667 0.587078
vt 0.416667 0.587078
vt 0.291667 0.587078
vt 0.791667 0.587078
vt 0.916667 0.587078
vt 0.166667 0.587078
vt 0.041667 0.587078

vn 0.000000 0.000000 -1.000000
vn -0.388500 0.921449 0.000000
vn 0.000000 0.000000 -1.000000
vn 0.376852 0.926274 0.000000
vn 0.000001 0.000000 -1.000000
vn -0.926274 0.376852 0.000000
vn 0.000000 0.000000 -1.000000
vn -0.921449 -0.388500 0.000000
vn -0.000000 0.000000 -1.000000
vn 0.921449 0.388500 0.000000
vn -0.000000 0.000000 -1.000000
vn -0.376852 -0.926274 0.000000
vn -0.000000 0.000000 -1.000000
vn 0.926274 -0.376852 0.000000
vn -0.000001 0.000000 -1.000000
vn 0.388500 -0.921449 0.000000
vn 0.000004 0.000000 1.000000
vn 0.992248 0.124274 0.000000
vn 0.000001 0.000000 1.000000
vn 0.613751 0.789500 0.000000
vn 0.000002 0.000000 1.000000
vn 0.789500 -0.613751 0.000000
vn -0.000001 0.000000 1.000000
vn 0.124274 -0.992248 0.000000
vn -0.000000 0.000000 1.000000
vn -0.124274 0.992248 0.000000
vn 0.000001 0.000000 1.000000
vn -0.789500 0.613751 0.000000
vn 0.000000 0.000000 1.000000
vn -0.613751 -0.789500 0.000000
vn 0.000000 0.000000 1.000000
vn -0.992248 -0.124273 0.000000

usemtl Image Texture-2
f 49/49/97 50/50/99 51/51/101
f 52/52/103 51/51/101 50/50/99
f 53/53/105 52/52/103 50/50/99
f 54/54/107 52/52/103 53/53/105
f 55/55/109 54/54/107 53/53/105
f 56/56/111 54/54/107 55/55/109
f 57/57/113 58/58/115 59/59/117
f 60/60/119 59/59/117 58/58/115
f 61/61/121 60/60/119 58/58/115
f 62/62/123 63/63/125 61/61/121
f 63/63/125 60/60/119 61/61/121
f 64/64/127 63/63/125 62/62/123
f 64/64/128 52/52/104 63/63/126
f 54/54/108 63/63/126 52/52/104
f 62/62/124 51/51/102 64/64/128
f 52/52/104 64/64/128 51/51/102
f 61/61/122 49/49/98 62/62/124
f 51/51/102 62/62/124 49/49/98
f 58/58/116 50/50/100 61/61/122
f 49/49/98 61/61/122 50/50/100
f 57/57/114 53/53/106 58/58/116
f 50/50/100 58/58/116 53/53/106
f 59/59/118 55/55/110 57/57/114
f 53/53/106 57/57/114 55/55/110
f 60/60/120 56/56/112 59/59/118
f 55/55/110 59/59/118 56/56/112
f 63/63/126 54/54/108 60/60/120
f 56/56/112 60/60/120 54/54/108
v 5.243612 47.200123 76.210564
v 5.243612 57.330002 73.496269
v 7.415587 52.265060 74.853416
v -0.000000 45.102158 76.772713
v -0.000000 59.427967 72.934120
v -5.243612 47.200123 76.210564
v -5.243612 57.330002 73.496269
v -7.415587 52.265060 74.853416
v 5.243612 63.309471 136.331482
v 7.415587 68.374413 134.974335
v -0.000000 61.211506 136.893631
v -5.243612 63.309471 136.331482
v -7.415587 68.374413 134.974335
v -5.243612 73.439354 133.617188
v -0.000000 75.537323 133.055038
v 5.243612 73.439354 133.617188

vt 0.310515 0.145599
vt 0.417527 0.060419
vt 0.368429 0.111180
vt 0.250000 0.157793
vt 0.250000 0.008874
vt 0.189485 0.145599
vt 0.082473 0.060419
vt 0.131571 0.111180
vt 0.582473 0.939581
vt 0.631571 0.888820
vt 0.750000 0.991126
vt 0.917527 0.939581
vt 0.868429 0.888820
vt 0.810515 0.854401
vt 0.750000 0.842207
vt 0.689485 0.854401

vn -0.000001 -0.258819 -0.965926
vn 0.797175 -0.583176 0.156262
vn -0.000001 -0.258819 -0.965926
vn 0.603748 0.770012 -0.206324
vn 0.000000 -0.258819 -0.965926
vn 0.990602 0.132113 -0.035400
vn 0.000000 -0.258819 -0.965926
vn 0.000000 -0.965926 0.258819
vn -0.000000 -0.258819 -0.965926
vn 0.000000 0.965926 -0.258819
vn 0.000000 -0.258819 -0.965926
vn -0.797175 -0.583176 0.156262
vn 0.000000 -0.258819 -0.965926
vn -0.603748 0.770012 -0.206324
vn 0.000000 -0.258819 -0.965926
vn -0.990602 0.132113 -0.035400
vn 0.603748 -0.770012 0.206324
vn -0.000002 0.258819 0.965926
vn 0.990602 -0.132113 0.035400
vn 0.000000 0.258819 0.965926
vn 0.000000 -0.965926 0.258819
vn 0.000000 0.258819 0.965926
vn -0.603748 -0.770012 0.206324
vn -0.000001 0.258819 0.965926
vn -0.990602 -0.132113 0.035400
vn 0.000000 0.258819 0.965926
vn -0.797175 0.583176 -0.156261
vn -0.000001 0.258819 0.965926
vn 0.000000 0.965926 -0.258819
vn 0.000001 0.258819 0.965926
vn 0.797175 0.583176 -0.156262
vn 0.000000 0.258819 0.965926

usemtl Image Texture-2
f 65/65/129 66/66/131 67/67/133
f 68/68/135 69/69/137 65/65/129
f 69/69/137 66/66/131 65/65/129
f 70/70/139 71/71/141 68/68/135
f 71/71/141 69/69/137 68/68/135
f 72/72/143 71/71/141 70/70/139
f 73/73/145 65/65/130 74/74/147
f 67/67/134 74/74/147 65/65/130
f 75/75/149 68/68/136 73/73/145
f 65/65/130 73/73/145 68/68/136
f 75/75/149 76/76/151 68/68/136
f 70/70/140 68/68/136 76/76/151
f 76/76/151 77/77/153 70/70/140
f 72/72/144 70/70/140 77/77/153
f 77/77/153 78/78/155 72/72/144
f 71/71/142 72/72/144 78/78/155
f 78/78/155 79/79/157 71/71/142
f 69/69/138 71/71/142 79/79/157
f 80/80/159 66/66/132 79/79/157
f 69/69/138 79/79/157 66/66/132
f 74/74/147 67/67/134 80/80/159
f 66/66/132 80/80/159 67/67/134
f 79/79/158 75/75/150 80/80/160
f 75/75/150 73/73/146 80/80/160
f 73/73/146 74/74/148 80/80/160
f 78/78/156 76/76/152 79/79/158
f 76/76/152 75/75/150 79/79/158
f 77/77/154 76/76/152 78/78/156
v 15.845205 52.661098 131.684937
v 15.845205 84.133980 131.684937
v 22.363453 68.397537 131.684937
v 0.108765 46.142849 131.684937
v 0.108765 90.652222 131.684937
v -15.627675 52.661098 131.684937
v -15.627675 84.133980 131.684937
v -22.145924 68.397537 131.684937
v 0.108765 90.652222 144.174255
v -15.627675 84.133980 144.174255
v 15.845205 84.133980 144.174255
v -22.145924 68.397537 144.174255
v 22.363453 68.397537 144.174255
v -15.627675 52.661098 144.174255
v 15.845205 52.661098 144.174255
v 0.108765 46.142849 144.174255

vt 0.375000 0.412922
vt 0.625000 0.412922
vt 0.500000 0.412922
vt 0.250000 0.412922
vt 0.750000 0.412922
vt 0.125000 0.412922
vt 0.875000 0.412922
vt 0.000000 0.412922
vt 0.750000 0.587078
vt 0.875000 0.587078
vt 0.625000 0.587078
vt 0.000000 0.587078
vt 0.500000 0.587078
vt 0.125000 0.587078
vt 0.375000 0.587078
vt 0.250000 0.587078

vn -0.000000 0.000000 -1.000000
vn 0.797175 -0.603748 0.000000
vn -0.000000 0.000000 -1.000000
vn 0.603748 0.797175 0.000000
vn 0.000000 0.000000 -1.000000
vn 0.990602 0.136774 0.000000
vn 0.000000 0.000000 -1.000000
vn 0.136774 -0.990602 0.000000
vn -0.000000 0.000000 -1.000000
vn -0.136774 0.990602 0.000000
vn 0.000000 0.000000 -1.000000
vn -0.603748 -0.797175 0.000000
vn 0.000000 0.000000 -1.000000
vn -0.797175 0.603748 0.000000
vn 0.000000 0.000000 -1.000000
vn -0.990602 -0.136774 0.000000
vn 0.000000 0.000000 1.000000
vn 0.136774 0.990602 0.000000
vn 0.000000 0.000000 1.000000
vn -0.603748 0.797175 0.000000
vn 0.000000 0.000000 1.000000
vn 0.797175 0.603748 0.000000
vn 0.000000 0.000000 1.000000
vn -0.990602 0.136774 0.000000
vn 0.000000 0.000000 1.000000
vn 0.990602 -0.136774 0.000000
vn 0.000000 0.000000 1.000000
vn -0.797175 -0.603748 0.000000
vn 0.000000 0.000000 1.000000
vn 0.603748 -0.797175 0.000000
vn 0.000000 0.000000 1.000000
vn -0.136774 -0.990602 0.000000

usemtl Image Texture-2
f 81/81/161 82/82/163 83/83/165
f 84/84/167 85/85/169 81/81/161
f 85/85/169 82/82/163 81/81/161
f 86/86/171 87/87/173 84/84/167
f 87/87/173 85/85/169 84/84/167
f 88/88/175 87/87/173 86/86/171
f 89/89/177 90/90/179 91/91/181
f 92/92/183 93/93/185 90/90/179
f 93/93/185 91/91/181 90/90/179
f 94/94/187 95/95/189 92/92/183
f 95/95/189 93/93/185 92/92/183
f 96/96/191 95/95/189 94/94/187
f 95/95/190 81/81/162 93/93/186
f 83/83/166 93/93/186 81/81/162
f 96/96/192 84/84/168 95/95/190
f 81/81/162 95/95/190 84/84/168
f 94/94/188 86/86/172 96/96/192
f 84/84/168 96/96/192 86/86/172
f 92/92/184 88/88/176 94/94/188
f 86/86/172 94/94/188 88/88/176
f 90/90/180 87/87/174 92/92/184
f 88/88/176 92/92/184 87/87/174
f 89/89/178 85/85/170 90/90/180
f 87/87/174 90/90/180 85/85/170
f 91/91/182 82/82/164 89/89/178
f 85/85/170 89/89/178 82/82/164
f 93/93/186 83/83/166 91/91/182
f 82/82/164 91/91/182 83/83/166

# End of File
