# Obj file Generated by Strata 3D CX(TM): http://www.strata.com
mtllib 1.mtl
v 17.300026 -17.422319 64.976753
v 17.300026 17.177734 64.976753
v 24.465933 -0.122292 64.976753
v -0.000000 -24.588224 64.976753
v -0.000000 24.343639 64.976753
v -17.300026 -17.422319 64.976753
v -17.300026 17.177734 64.976753
v -24.465933 -0.122292 64.976753
v -0.000000 24.343639 96.430153
v -0.000000 -24.588224 96.430153
v 17.300026 17.177734 96.430153
v 17.300026 -17.422319 96.430153
v 24.465933 -0.122292 96.430153
v -17.300026 17.177734 96.430153
v -17.300026 -17.422319 96.430153
v -24.465933 -0.122292 96.430153

vt 0.375000 0.318151
vt 0.625000 0.318151
vt 0.500000 0.318151
vt 0.250000 0.318151
vt 0.750000 0.318151
vt 0.125000 0.318151
vt 0.875000 0.318151
vt 1.000000 0.318151
vt 0.750000 0.681849
vt 0.250000 0.681849
vt 0.625000 0.681849
vt 0.375000 0.681849
vt 0.500000 0.681849
vt 0.875000 0.681849
vt 0.125000 0.681849
vt 1.000000 0.681849

vn 0.000000 0.000000 -1.000000
vn 0.797175 -0.603748 0.000000
vn 0.000000 0.000000 -1.000000
vn 0.603748 0.797175 0.000000
vn 0.000001 0.000000 -1.000000
vn 0.990602 0.136774 0.000000
vn 0.000000 0.000000 -1.000000
vn 0.136774 -0.990602 0.000000
vn -0.000000 0.000000 -1.000000
vn -0.136774 0.990602 0.000000
vn -0.000000 0.000000 -1.000000
vn -0.603748 -0.797175 0.000000
vn -0.000000 0.000000 -1.000000
vn -0.797175 0.603748 0.000000
vn -0.000001 0.000000 -1.000000
vn -0.990602 -0.136774 0.000000
vn -0.000000 0.000000 1.000000
vn 0.136774 0.990602 0.000000
vn 0.000000 0.000000 1.000000
vn -0.136774 -0.990602 0.000000
vn -0.000001 0.000000 1.000000
vn 0.797175 0.603748 0.000000
vn -0.000000 0.000000 1.000000
vn 0.603748 -0.797175 0.000000
vn -0.000002 0.000000 1.000000
vn 0.990602 -0.136774 0.000000
vn 0.000000 0.000000 1.000000
vn -0.603748 0.797175 0.000000
vn 0.000001 0.000000 1.000000
vn -0.797175 -0.603748 0.000000
vn 0.000002 0.000000 1.000000
vn -0.990602 0.136774 0.000000

usemtl Image Texture-3
f 1/1/1 2/2/3 3/3/5
f 4/4/7 5/5/9 1/1/1
f 5/5/9 2/2/3 1/1/1
f 6/6/11 7/7/13 4/4/7
f 7/7/13 5/5/9 4/4/7
f 8/8/15 7/7/13 6/6/11
f 9/9/17 10/10/19 11/11/21
f 10/10/19 12/12/23 11/11/21
f 12/12/23 13/13/25 11/11/21
f 14/14/27 15/15/29 9/9/17
f 15/15/29 10/10/19 9/9/17
f 16/16/31 15/15/29 14/14/27
f 12/12/24 1/1/2 13/13/26
f 3/3/6 13/13/26 1/1/2
f 10/10/20 4/4/8 12/12/24
f 1/1/2 12/12/24 4/4/8
f 15/15/30 6/6/12 10/10/20
f 4/4/8 10/10/20 6/6/12
f 16/16/32 8/8/16 15/15/30
f 6/6/12 15/15/30 8/8/16
f 14/14/28 7/7/14 16/16/32
f 8/8/16 16/16/32 7/7/14
f 9/9/18 5/5/10 14/14/28
f 7/7/14 14/14/28 5/5/10
f 11/11/22 2/2/4 9/9/18
f 5/5/10 9/9/18 2/2/4
f 13/13/26 3/3/6 11/11/22
f 2/2/4 11/11/22 3/3/6
v -0.000000 -0.122292 -142.303772
v 22.170166 22.047874 -129.316788
v 31.353350 -0.122292 -129.316788
v 0.000000 31.231058 -129.316788
v -22.170166 22.047874 -129.316788
v -31.353350 -0.122292 -129.316788
v -22.170166 -22.292459 -129.316788
v -0.000000 -31.475641 -129.316788
v 22.170166 -22.292459 -129.316788
v -0.000000 -0.122292 -53.623108
v 31.353350 -0.122292 -66.610092
v 22.170166 22.047874 -66.610092
v 0.000000 31.231058 -66.610092
v -22.170166 22.047874 -66.610092
v -31.353350 -0.122292 -66.610092
v -22.170166 -22.292459 -66.610092
v -0.000000 -31.475641 -66.610092
v 22.170166 -22.292459 -66.610092
v 31.353350 31.231058 -97.963440
v 44.340332 -0.122292 -97.963440
v 0.000000 44.218040 -97.963440
v -31.353350 31.231058 -97.963440
v -44.340332 -0.122292 -97.963440
v -31.353350 -31.475641 -97.963440
v -0.000000 -44.462627 -97.963440
v 31.353350 -31.475641 -97.963440

vt 0.750000 0.000000
vt 0.625000 0.250000
vt 0.500000 0.250000
vt 0.750000 0.250000
vt 0.875000 0.250000
vt 1.000000 0.250000
vt 0.125000 0.250000
vt 0.250000 0.250000
vt 0.375000 0.250000
vt 0.750000 1.000000
vt 0.500000 0.750000
vt 0.625000 0.750000
vt 0.750000 0.750000
vt 0.875000 0.750000
vt 1.000000 0.750000
vt 0.125000 0.750000
vt 0.250000 0.750000
vt 0.375000 0.750000
vt 0.625000 0.500000
vt 0.500000 0.500000
vt 0.750000 0.500000
vt 0.875000 0.500000
vt 1.000000 0.500000
vt 0.125000 0.500000
vt 0.250000 0.500000
vt 0.375000 0.500000

vn 0.000000 0.000000 -1.000000
vn 0.559300 0.559300 -0.611855
vn 0.698872 0.000000 -0.715247
vn 0.000000 0.698872 -0.715247
vn -0.559300 0.559300 -0.611855
vn -0.698872 0.000000 -0.715247
vn -0.559300 -0.559300 -0.611855
vn 0.080510 -0.753389 -0.652628
vn 0.589655 -0.475797 -0.652628
vn 0.000000 0.000000 1.000000
vn 0.753389 -0.080510 0.652628
vn 0.589656 0.475797 0.652628
vn 0.080510 0.753389 0.652628
vn -0.475797 0.589656 0.652628
vn -0.753389 0.080510 0.652628
vn -0.589656 -0.475797 0.652628
vn 0.000000 -0.790970 0.611855
vn 0.494177 -0.494177 0.715247
vn 0.644123 0.760484 0.082280
vn 0.996517 0.058967 -0.058967
vn -0.058967 0.996517 -0.058967
vn -0.760484 0.644123 0.082280
vn -0.996517 -0.058967 -0.058967
vn -0.644123 -0.760484 0.082280
vn -0.082280 -0.993207 -0.082280
vn 0.662948 -0.746340 0.058967

usemtl Image Texture-3
f 17/17/33 18/18/34 19/19/35
f 17/17/33 20/20/36 18/18/34
f 17/17/33 21/21/37 20/20/36
f 17/17/33 22/22/38 21/21/37
f 17/17/33 23/23/39 22/22/38
f 17/17/33 24/24/40 23/23/39
f 17/17/33 25/25/41 24/24/40
f 17/17/33 19/19/35 25/25/41
f 26/26/42 27/27/43 28/28/44
f 26/26/42 28/28/44 29/29/45
f 26/26/42 29/29/45 30/30/46
f 26/26/42 30/30/46 31/31/47
f 26/26/42 31/31/47 32/32/48
f 26/26/42 32/32/48 33/33/49
f 26/26/42 33/33/49 34/34/50
f 26/26/42 34/34/50 27/27/43
f 35/35/51 36/36/52 18/18/34
f 19/19/35 18/18/34 36/36/52
f 35/35/51 18/18/34 37/37/53
f 20/20/36 37/37/53 18/18/34
f 38/38/54 37/37/53 21/21/37
f 20/20/36 21/21/37 37/37/53
f 38/38/54 21/21/37 39/39/55
f 22/22/38 39/39/55 21/21/37
f 40/40/56 39/39/55 23/23/39
f 39/39/55 22/22/38 23/23/39
f 41/41/57 23/23/39 24/24/40
f 40/40/56 23/23/39 41/41/57
f 42/42/58 24/24/40 25/25/41
f 41/41/57 24/24/40 42/42/58
f 36/36/52 25/25/41 19/19/35
f 42/42/58 25/25/41 36/36/52
f 27/27/43 36/36/52 28/28/44
f 35/35/51 28/28/44 36/36/52
f 28/28/44 35/35/51 29/29/45
f 37/37/53 29/29/45 35/35/51
f 29/29/45 37/37/53 30/30/46
f 38/38/54 30/30/46 37/37/53
f 30/30/46 38/38/54 31/31/47
f 39/39/55 31/31/47 38/38/54
f 31/31/47 39/39/55 32/32/48
f 40/40/56 32/32/48 39/39/55
f 32/32/48 40/40/56 33/33/49
f 41/41/57 33/33/49 40/40/56
f 34/34/50 33/33/49 42/42/58
f 41/41/57 42/42/58 33/33/49
f 34/34/50 42/42/58 27/27/43
f 36/36/52 27/27/43 42/42/58

# End of File
