# Obj file Generated by Strata 3D CX(TM): http://www.strata.com
mtllib pole.mtl
v -154.791779 337.601807 -3.487491
v -161.766769 337.601807 -3.487491
v -153.347214 337.601807 -0.000000
v -163.211334 337.601807 -0.000000
v -158.279266 337.601807 -4.932058
v -158.279266 337.601807 4.932058
v -154.791779 337.601807 3.487491
v -161.766769 337.601807 3.487491
v -158.279266 -199.149887 4.932058
v -161.766769 -199.149887 3.487491
v -154.791779 -199.149887 3.487491
v -163.211334 -199.149887 0.000000
v -153.347214 -199.149887 0.000000
v -161.766769 -199.149887 -3.487491
v -154.791779 -199.149887 -3.487491
v -158.279266 -199.149887 -4.932058

vt 0.747932 0.495864
vt 0.752068 0.495864
vt 0.747075 0.500000
vt 0.752925 0.500000
vt 0.750000 0.494151
vt 0.750000 0.505849
vt 0.747932 0.504136
vt 0.752068 0.504136
vt 0.250000 0.505849
vt 0.247932 0.504136
vt 0.252068 0.504136
vt 0.247075 0.500000
vt 0.252925 0.500000
vt 0.247932 0.495864
vt 0.252068 0.495864
vt 0.250000 0.494151

vn 0.000000 1.000000 -0.000003
vn 0.797176 0.000000 -0.603748
vn 0.000000 1.000000 0.000002
vn -0.603748 0.000000 -0.797176
vn 0.000000 1.000000 -0.000002
vn 0.990602 0.000000 0.136774
vn 0.000000 1.000000 0.000002
vn -0.990602 0.000000 -0.136774
vn 0.000000 1.000000 0.000000
vn 0.136774 0.000000 -0.990602
vn 0.000000 1.000000 0.000000
vn -0.136773 0.000000 0.990602
vn 0.000000 1.000000 -0.000002
vn 0.603748 0.000000 0.797175
vn 0.000000 1.000000 0.000003
vn -0.797175 0.000000 0.603748
vn 0.000000 -1.000000 0.000000
vn 0.136774 0.000000 0.990602
vn 0.000000 -1.000000 0.000001
vn -0.603748 0.000000 0.797176
vn 0.000000 -1.000000 0.000001
vn 0.797176 -0.000000 0.603748
vn 0.000000 -1.000000 -0.000001
vn -0.990602 0.000000 0.136774
vn 0.000000 -1.000000 0.000001
vn 0.990602 0.000000 -0.136774
vn 0.000000 -1.000000 -0.000001
vn -0.797175 -0.000000 -0.603748
vn 0.000000 -1.000000 -0.000001
vn 0.603748 0.000000 -0.797175
vn 0.000000 -1.000000 0.000000
vn -0.136773 0.000000 -0.990602

usemtl Image Texture-7
f 1/1/1 2/2/3 3/3/5
f 2/2/3 4/4/7 3/3/5
f 5/5/9 2/2/3 1/1/1
f 6/6/11 7/7/13 8/8/15
f 3/3/5 4/4/7 7/7/13
f 4/4/7 8/8/15 7/7/13
f 9/9/17 10/10/19 11/11/21
f 12/12/23 13/13/25 10/10/19
f 13/13/25 11/11/21 10/10/19
f 14/14/27 15/15/29 12/12/23
f 15/15/29 13/13/25 12/12/23
f 16/16/31 15/15/29 14/14/27
f 13/13/26 1/1/2 3/3/6
f 15/15/30 1/1/2 13/13/26
f 15/15/30 5/5/10 1/1/2
f 16/16/32 5/5/10 15/15/30
f 16/16/32 2/2/4 5/5/10
f 14/14/28 2/2/4 16/16/32
f 14/14/28 4/4/8 2/2/4
f 12/12/24 4/4/8 14/14/28
f 12/12/24 8/8/16 4/4/8
f 10/10/20 8/8/16 12/12/24
f 10/10/20 6/6/12 8/8/16
f 9/9/18 6/6/12 10/10/20
f 9/9/18 7/7/14 6/6/12
f 11/11/22 7/7/14 9/9/18
f 11/11/22 3/3/6 7/7/14
f 13/13/26 3/3/6 11/11/22

# End of File
