# Obj file Generated by Strata 3D CX(TM): http://www.strata.com
mtllib signs.mtl
v -223.968613 236.684250 7.880423
v -91.380638 201.157410 -7.880423
v -91.380638 201.157410 7.880423
v -223.968613 236.684250 -7.880423
v -213.162903 277.011688 -7.880423
v -213.162903 277.011688 7.880423
v -80.574936 241.484848 -7.880423
v -80.574936 241.484848 7.880423
v -246.181793 264.247650 7.880423
v -246.181793 264.247650 -7.880423

vt 0.153805 0.999496
vt 0.981517 0.000509
vt 0.981517 0.999496
vt 0.153800 0.000504
vt 0.853080 0.000504
vt 0.853080 0.999490
vt 0.025368 0.000504
vt 0.025364 0.999496
vt 0.146924 0.791828
vt 0.981516 0.291584
vt 0.974636 0.841219
vt 0.153800 0.242191
vt 0.153800 0.757809
vt 0.146920 0.208175
vt 0.981512 0.708419
vt 0.974636 0.158781
vt 1.022045 0.999496
vt 1.022045 0.000509
vt 0.291582 0.999496
vt 0.291582 0.000509
vt 0.841216 0.999496
vt 0.841219 0.000504
vt -0.022045 0.999496
vt -0.022045 0.000504
vt -0.022045 0.506722
vt -0.022045 0.493278

vn -0.451835 -0.892102 0.000000
vn 0.000000 0.000000 1.000000
vn -0.258819 -0.965926 0.000000
vn 0.000000 0.000000 -1.000000
vn 0.965926 -0.258819 0.000000
vn -0.258819 -0.965926 0.000000
vn 0.000000 0.000000 1.000000
vn 0.965926 -0.258819 0.000000
vn -0.633022 -0.774134 0.000000
vn 0.000000 0.000000 -1.000000
vn -0.053511 0.998567 0.000000
vn 0.000000 0.000000 -1.000000
vn -0.053511 0.998567 0.000000
vn 0.000000 0.000000 1.000000
vn 0.258819 0.965926 0.000000
vn 0.000000 0.000000 -1.000000
vn 0.965926 -0.258819 0.000000
vn 0.258819 0.965926 0.000000
vn 0.000000 0.000000 1.000000
vn 0.965926 -0.258819 0.000000
vn -0.360565 0.932734 0.000000
vn -0.778625 -0.627490 0.000000
vn 0.000000 0.000000 1.000000
vn -0.360565 0.932734 0.000000
vn -0.778625 -0.627490 0.000000
vn 0.000000 0.000000 -1.000000

usemtl Image Texture-7
f 1/1/1 2/2/3 3/3/6
f 4/4/9 2/2/3 1/1/1
f 5/5/11 6/6/13 7/7/15
f 6/6/13 8/8/18 7/7/15
f 6/9/14 3/10/7 8/11/19
f 1/12/2 3/10/7 6/9/14
f 4/13/10 5/14/12 2/15/4
f 5/14/12 7/16/16 2/15/4
f 9/17/21 6/6/13 10/18/24
f 5/5/11 10/18/24 6/6/13
f 3/19/8 2/20/5 8/21/20
f 7/22/17 8/21/20 2/20/5
f 9/23/22 4/4/9 1/1/1
f 10/24/25 4/4/9 9/23/22
f 1/12/2 6/9/14 9/25/23
f 4/13/10 10/26/26 5/14/12
v -92.571053 174.954575 7.880423
v -92.571053 174.954575 -7.880423
v -229.836212 174.954575 7.880423
v -229.836212 174.954575 -7.880423
v -92.571053 133.204529 -7.880423
v -92.571053 133.204529 7.880423
v -229.836212 133.204529 -7.880423
v -229.836212 133.204529 7.880423
v -63.980816 154.079559 -7.880423
v -63.980816 154.079559 7.880423

vt 0.172712 0.999496
vt 0.172712 0.000509
vt 0.999492 0.999496
vt 0.999496 0.000504
vt 0.827288 0.000504
vt 0.827288 0.999490
vt 0.000508 0.000504
vt 0.000504 0.999496
vt 0.999499 0.500000

vn 0.411091 0.911594 0.000000
vn 0.000000 0.000000 1.000000
vn 0.205546 0.978648 0.000000
vn 0.000000 0.000000 -1.000000
vn 0.000000 1.000000 0.000000
vn 0.000000 0.000000 1.000000
vn -1.000000 0.000000 0.000000
vn 0.000000 1.000000 0.000000
vn 0.000000 0.000000 -1.000000
vn -1.000000 0.000000 0.000000
vn 0.411092 -0.911594 0.000000
vn 0.000000 0.000000 -1.000000
vn 0.205546 -0.978648 0.000000
vn 0.000000 0.000000 1.000000
vn 0.000000 -1.000000 0.000000
vn 0.000000 0.000000 -1.000000
vn -1.000000 0.000000 0.000000
vn 0.000000 -1.000000 0.000000
vn 0.000000 0.000000 1.000000
vn -1.000000 0.000000 0.000000
vn 0.589688 -0.807631 0.000000
vn 0.589688 0.807631 0.000000
vn 0.000000 0.000000 -1.000000
vn 0.589688 -0.807631 0.000000
vn 0.589688 0.807631 0.000000
vn 0.000000 0.000000 1.000000

usemtl Image Texture-7
f 11/27/27 12/28/29 13/29/31
f 14/30/34 13/29/31 12/28/29
f 15/31/37 16/32/39 17/33/41
f 16/32/39 18/34/44 17/33/41
f 11/32/28 13/34/32 16/31/40
f 18/33/45 16/31/40 13/34/32
f 15/32/38 17/34/42 12/31/30
f 14/33/35 12/31/30 17/34/42
f 19/30/47 20/29/50 15/31/37
f 20/29/50 16/32/39 15/31/37
f 14/33/36 17/30/43 13/34/33
f 18/29/46 13/34/33 17/30/43
f 20/34/51 19/33/48 11/27/27
f 12/28/29 11/27/27 19/33/48
f 11/32/28 16/31/40 20/35/52
f 12/31/30 19/35/49 15/32/38

# End of File
